TOPCUTOUTSIDE
[255, 3, 0, 1]
[255, 164, 0, 40]
[184, 255, 0, 60]
[22, 255, 0, 3]
[0, 255, 140, 110]
[0, 208, 255, 140]
[0, 46, 255, 160]
[116, 0, 255, 190]
[255, 0, 232, 6]
[255, 26, 0, 1]
[255, 188, 0, 40]
[160, 255, 0, 60]
[0, 255, 1, 3]
[0, 255, 163, 120]
[0, 185, 255, 140]
[0, 23, 255, 5]
[139, 0, 255, 190]
[255, 0, 209, 220]
[255, 49, 0, 20]
[255, 211, 0, 40]
[137, 255, 0, 70]
[0, 255, 25, 3]
[0, 255, 186, 120]
[0, 162, 255, 140]
[0, 0, 255, 5]
[162, 0, 255, 200]
[255, 0, 186, 220]
[255, 72, 0, 20]
[255, 234, 0, 2]
[114, 255, 0, 70]
[0, 255, 48, 100]
[0, 255, 210, 120]
[0, 139, 255, 150]
[23, 0, 255, 5]
[185, 0, 255, 200]
[255, 0, 163, 220]
[255, 95, 0, 20]
[253, 255, 0, 2]
[91, 255, 0, 80]
[0, 255, 71, 100]
[0, 255, 233, 4]
[0, 115, 255, 150]
[47, 0, 255, 180]
[208, 0, 255, 200]
[255, 0, 140, 230]
[255, 118, 0, 30]
[230, 255, 0, 2]
[68, 255, 0, 80]
[0, 255, 94, 100]
[0, 254, 255, 4]
[0, 92, 255, 160]
[70, 0, 255, 180]
[232, 0, 255, 6]
[255, 0, 117, 230]
[255, 141, 0, 30]
[207, 255, 0, 60]
[45, 255, 0, 80]
[0, 255, 117, 110]
[0, 231, 255, 4]
[0, 69, 255, 160]
[93, 0, 255, 180]
[255, 0, 255, 6]
[255, 0, 93, 240]
REVCUTINLINE
[23, 103, 128, 144]
[23, 37, 128, 164]
[76, 23, 128, 194]
[128, 23, 113, 214]
[128, 29, 23, 24]
[128, 96, 23, 44]
[93, 128, 23, 64]
[27, 128, 23, 84]
[23, 128, 86, 124]
[23, 93, 128, 144]
[23, 27, 128, 164]
[85, 23, 128, 204]
[128, 23, 103, 224]
[128, 39, 23, 24]
[128, 105, 23, 44]
[83, 128, 23, 64]
[23, 128, 29, 104]
[23, 128, 95, 124]
[23, 84, 128, 144]
[28, 23, 128, 184]
[95, 23, 128, 204]
[128, 23, 94, 224]
[128, 48, 23, 34]
[128, 115, 23, 54]
[74, 128, 23, 74]
[23, 128, 38, 104]
[23, 128, 105, 124]
[23, 74, 128, 154]
[38, 23, 128, 184]
[104, 23, 128, 204]
[128, 23, 84, 224]
[128, 58, 23, 34]
[128, 124, 23, 54]
[65, 128, 23, 74]
[23, 128, 48, 114]
[23, 128, 114, 134]
[23, 65, 128, 154]
[47, 23, 128, 184]
[114, 23, 128, 214]
[128, 23, 75, 234]
[128, 67, 23, 34]
[121, 128, 23, 54]
[55, 128, 23, 74]
[23, 128, 57, 114]
[23, 128, 124, 134]
[23, 56, 128, 154]
[57, 23, 128, 194]
[123, 23, 128, 214]
[128, 23, 65, 234]
[128, 77, 23, 34]
[112, 128, 23, 64]
[46, 128, 23, 84]
[23, 128, 67, 114]
[23, 122, 128, 134]
[23, 46, 128, 164]
[66, 23, 128, 194]
[128, 23, 122, 214]
[128, 23, 56, 234]
[128, 86, 23, 44]
[102, 128, 23, 64]
[36, 128, 23, 84]
[23, 128, 76, 114]
[23, 112, 128, 144]
REVCUTINSIDE
[128, 91, 23, 44]
[97, 128, 23, 64]
[31, 128, 23, 84]
[23, 128, 81, 124]
[23, 107, 128, 144]
[23, 41, 128, 164]
[72, 23, 128, 194]
[128, 23, 117, 214]
[128, 25, 23, 24]
[128, 101, 23, 44]
[88, 128, 23, 64]
[23, 128, 25, 104]
[23, 128, 91, 124]
[23, 98, 128, 144]
[23, 31, 128, 164]
[81, 23, 128, 204]
[128, 23, 108, 224]
[128, 35, 23, 24]
[128, 110, 23, 44]
[78, 128, 23, 74]
[23, 128, 34, 104]
[23, 128, 100, 124]
[23, 88, 128, 144]
[24, 23, 128, 184]
[90, 23, 128, 204]
[128, 23, 98, 224]
[128, 44, 23, 24]
[128, 120, 23, 54]
[69, 128, 23, 74]
[23, 128, 44, 104]
[23, 128, 110, 124]
[23, 79, 128, 154]
[34, 23, 128, 184]
[100, 23, 128, 204]
[128, 23, 89, 224]
[128, 54, 23, 34]
[126, 128, 23, 54]
[59, 128, 23, 74]
[23, 128, 53, 114]
[23, 128, 119, 134]
[23, 69, 128, 154]
[43, 23, 128, 184]
[109, 23, 128, 204]
[128, 23, 79, 234]
[128, 63, 23, 34]
[116, 128, 23, 54]
[50, 128, 23, 74]
[23, 128, 63, 114]
[23, 126, 128, 134]
[23, 60, 128, 154]
[53, 23, 128, 194]
[119, 23, 128, 214]
[128, 23, 70, 234]
[128, 72, 23, 34]
[107, 128, 23, 64]
[40, 128, 23, 84]
[23, 128, 72, 114]
[23, 117, 128, 134]
[23, 50, 128, 154]
[62, 23, 128, 194]
[128, 23, 127, 214]
[128, 23, 60, 234]
[128, 82, 23, 44]
TOPCUTINSIDE
[255, 167, 0, 40]
[181, 255, 0, 60]
[19, 255, 0, 3]
[0, 255, 143, 110]
[0, 205, 255, 140]
[0, 43, 255, 160]
[118, 0, 255, 190]
[255, 0, 230, 6]
[255, 5, 0, 1]
[255, 190, 0, 40]
[158, 255, 0, 70]
[0, 255, 4, 3]
[0, 255, 166, 120]
[0, 182, 255, 140]
[0, 20, 255, 5]
[142, 0, 255, 190]
[255, 0, 206, 220]
[255, 28, 0, 1]
[255, 213, 0, 40]
[135, 255, 0, 70]
[0, 255, 27, 3]
[0, 255, 189, 120]
[0, 159, 255, 140]
[3, 0, 255, 5]
[165, 0, 255, 200]
[255, 0, 183, 220]
[255, 51, 0, 20]
[255, 236, 0, 2]
[112, 255, 0, 70]
[0, 255, 50, 100]
[0, 255, 212, 120]
[0, 136, 255, 150]
[26, 0, 255, 5]
[188, 0, 255, 200]
[255, 0, 160, 220]
[255, 75, 0, 20]
[250, 255, 0, 2]
[89, 255, 0, 80]
[0, 255, 73, 100]
[0, 255, 235, 4]
[0, 113, 255, 150]
[49, 0, 255, 180]
[211, 0, 255, 200]
[255, 0, 137, 230]
[255, 98, 0, 30]
[227, 255, 0, 2]
[65, 255, 0, 80]
[0, 255, 97, 110]
[0, 252, 255, 4]
[0, 90, 255, 160]
[72, 0, 255, 180]
[234, 0, 255, 6]
[255, 0, 114, 230]
[255, 121, 0, 30]
[204, 255, 0, 60]
[42, 255, 0, 80]
[0, 255, 120, 110]
[0, 228, 255, 4]
[0, 67, 255, 160]
[95, 0, 255, 180]
[255, 0, 253, 6]
[255, 0, 91, 240]
[255, 144, 0, 30]
TOPPOCKETOUTSIDE
[178, 255, 0, 60]
[17, 255, 0, 3]
[0, 255, 145, 110]
[0, 203, 255, 140]
[0, 41, 255, 160]
[121, 0, 255, 190]
[255, 0, 227, 6]
[255, 8, 0, 1]
[255, 170, 0, 40]
[155, 255, 0, 70]
[0, 255, 7, 3]
[0, 255, 168, 120]
[0, 180, 255, 140]
[0, 18, 255, 5]
[144, 0, 255, 190]
[255, 0, 204, 220]
[255, 31, 0, 1]
[255, 193, 0, 40]
[132, 255, 0, 70]
[0, 255, 30, 3]
[0, 255, 192, 120]
[0, 157, 255, 150]
[5, 0, 255, 5]
[167, 0, 255, 200]
[255, 0, 181, 220]
[255, 54, 0, 20]
[255, 216, 0, 40]
[109, 255, 0, 70]
[0, 255, 53, 100]
[0, 255, 215, 120]
[0, 133, 255, 150]
[29, 0, 255, 5]
[190, 0, 255, 200]
[255, 0, 158, 230]
[255, 77, 0, 20]
[255, 239, 0, 2]
[86, 255, 0, 80]
[0, 255, 76, 100]
[0, 255, 238, 4]
[0, 110, 255, 150]
[52, 0, 255, 180]
[214, 0, 255, 200]
[255, 0, 135, 230]
[255, 100, 0, 30]
[248, 255, 0, 2]
[63, 255, 0, 80]
[0, 255, 99, 110]
[0, 249, 255, 4]
[0, 87, 255, 160]
[75, 0, 255, 180]
[237, 0, 255, 6]
[255, 0, 111, 230]
[255, 123, 0, 30]
[225, 255, 0, 2]
[40, 255, 0, 80]
[0, 255, 122, 110]
[0, 226, 255, 4]
[0, 64, 255, 160]
[98, 0, 255, 190]
[255, 0, 250, 6]
[255, 0, 88, 240]
[255, 146, 0, 30]
[202, 255, 0, 60]
TOPCUTINLINE
[0, 195, 255, 140]
[0, 33, 255, 160]
[129, 0, 255, 190]
[255, 0, 219, 220]
[255, 15, 0, 1]
[255, 177, 0, 40]
[171, 255, 0, 60]
[9, 255, 0, 3]
[0, 255, 153, 110]
[0, 172, 255, 140]
[0, 10, 255, 5]
[152, 0, 255, 190]
[255, 0, 196, 220]
[255, 39, 0, 20]
[255, 200, 0, 40]
[148, 255, 0, 70]
[0, 255, 14, 3]
[0, 255, 176, 120]
[0, 149, 255, 150]
[13, 0, 255, 5]
[175, 0, 255, 200]
[255, 0, 173, 220]
[255, 62, 0, 20]
[255, 224, 0, 2]
[125, 255, 0, 70]
[0, 255, 37, 100]
[0, 255, 199, 120]
[0, 126, 255, 150]
[36, 0, 255, 180]
[198, 0, 255, 200]
[255, 0, 150, 230]
[255, 85, 0, 20]
[255, 247, 0, 2]
[101, 255, 0, 70]
[0, 255, 61, 100]
[0, 255, 222, 120]
[0, 103, 255, 150]
[59, 0, 255, 180]
[221, 0, 255, 200]
[255, 0, 127, 230]
[255, 108, 0, 30]
[240, 255, 0, 2]
[78, 255, 0, 80]
[0, 255, 84, 100]
[0, 255, 246, 4]
[0, 79, 255, 160]
[82, 0, 255, 180]
[244, 0, 255, 6]
[255, 0, 104, 230]
[255, 131, 0, 30]
[217, 255, 0, 60]
[55, 255, 0, 80]
[0, 255, 107, 110]
[0, 241, 255, 4]
[0, 56, 255, 160]
[106, 0, 255, 190]
[255, 0, 242, 6]
[255, 0, 81, 240]
[255, 154, 0, 30]
[194, 255, 0, 60]
[32, 255, 0, 80]
[0, 255, 130, 110]
[0, 218, 255, 140]
TOPHOLES
[0, 255, 150, 110]
[0, 198, 255, 140]
[0, 36, 255, 160]
[126, 0, 255, 190]
[255, 0, 222, 220]
[255, 13, 0, 1]
[255, 175, 0, 40]
[173, 255, 0, 60]
[11, 255, 0, 3]
[0, 255, 174, 120]
[0, 174, 255, 140]
[0, 13, 255, 5]
[149, 0, 255, 190]
[255, 0, 199, 220]
[255, 36, 0, 20]
[255, 198, 0, 40]
[150, 255, 0, 70]
[0, 255, 12, 3]
[0, 255, 197, 120]
[0, 151, 255, 150]
[11, 0, 255, 5]
[172, 0, 255, 200]
[255, 0, 176, 220]
[255, 59, 0, 20]
[255, 221, 0, 40]
[127, 255, 0, 70]
[0, 255, 35, 100]
[0, 255, 220, 120]
[0, 128, 255, 150]
[34, 0, 255, 180]
[196, 0, 255, 200]
[255, 0, 153, 230]
[255, 82, 0, 20]
[255, 244, 0, 2]
[104, 255, 0, 70]
[0, 255, 58, 100]
[0, 255, 243, 4]
[0, 105, 255, 150]
[57, 0, 255, 180]
[219, 0, 255, 200]
[255, 0, 129, 230]
[255, 105, 0, 30]
[243, 255, 0, 2]
[81, 255, 0, 80]
[0, 255, 81, 100]
[0, 244, 255, 4]
[0, 82, 255, 160]
[80, 0, 255, 180]
[242, 0, 255, 6]
[255, 0, 106, 230]
[255, 128, 0, 30]
[220, 255, 0, 60]
[58, 255, 0, 80]
[0, 255, 104, 110]
[0, 221, 255, 140]
[0, 59, 255, 160]
[103, 0, 255, 190]
[255, 0, 245, 6]
[255, 0, 83, 240]
[255, 152, 0, 30]
[196, 255, 0, 60]
[35, 255, 0, 80]
[0, 255, 127, 110]
REVHOLES
[23, 128, 85, 124]
[23, 104, 128, 144]
[23, 38, 128, 164]
[75, 23, 128, 194]
[128, 23, 114, 214]
[128, 28, 23, 24]
[128, 95, 23, 44]
[94, 128, 23, 64]
[28, 128, 23, 84]
[23, 128, 94, 124]
[23, 94, 128, 144]
[23, 28, 128, 164]
[84, 23, 128, 204]
[128, 23, 104, 224]
[128, 38, 23, 24]
[128, 104, 23, 44]
[85, 128, 23, 64]
[23, 128, 28, 104]
[23, 128, 104, 124]
[23, 85, 128, 144]
[27, 23, 128, 184]
[94, 23, 128, 204]
[128, 23, 95, 224]
[128, 47, 23, 24]
[128, 114, 23, 54]
[75, 128, 23, 74]
[23, 128, 37, 104]
[23, 128, 113, 134]
[23, 76, 128, 154]
[37, 23, 128, 184]
[103, 23, 128, 204]
[128, 23, 85, 224]
[128, 57, 23, 34]
[128, 123, 23, 54]
[66, 128, 23, 74]
[23, 128, 47, 104]
[23, 128, 123, 134]
[23, 66, 128, 154]
[46, 23, 128, 184]
[113, 23, 128, 214]
[128, 23, 76, 234]
[128, 66, 23, 34]
[122, 128, 23, 54]
[56, 128, 23, 74]
[23, 128, 56, 114]
[23, 123, 128, 134]
[23, 57, 128, 154]
[56, 23, 128, 194]
[122, 23, 128, 214]
[128, 23, 67, 234]
[128, 76, 23, 34]
[113, 128, 23, 54]
[47, 128, 23, 84]
[23, 128, 66, 114]
[23, 113, 128, 134]
[23, 47, 128, 164]
[65, 23, 128, 194]
[128, 23, 123, 214]
[128, 23, 57, 234]
[128, 85, 23, 44]
[104, 128, 23, 64]
[37, 128, 23, 84]
[23, 128, 75, 114]
TOPPOCKETINSIDE
[14, 255, 0, 3]
[0, 255, 148, 110]
[0, 200, 255, 140]
[0, 38, 255, 160]
[124, 0, 255, 190]
[255, 0, 224, 6]
[255, 10, 0, 1]
[255, 172, 0, 40]
[176, 255, 0, 60]
[0, 255, 9, 3]
[0, 255, 171, 120]
[0, 177, 255, 140]
[0, 15, 255, 5]
[147, 0, 255, 190]
[255, 0, 201, 220]
[255, 33, 0, 20]
[255, 195, 0, 40]
[153, 255, 0, 70]
[0, 255, 32, 100]
[0, 255, 194, 120]
[0, 154, 255, 150]
[8, 0, 255, 5]
[170, 0, 255, 200]
[255, 0, 178, 220]
[255, 57, 0, 20]
[255, 218, 0, 40]
[130, 255, 0, 70]
[0, 255, 55, 100]
[0, 255, 217, 120]
[0, 131, 255, 150]
[31, 0, 255, 5]
[193, 0, 255, 200]
[255, 0, 155, 230]
[255, 80, 0, 20]
[255, 242, 0, 2]
[107, 255, 0, 70]
[0, 255, 79, 100]
[0, 255, 240, 4]
[0, 108, 255, 150]
[54, 0, 255, 180]
[216, 0, 255, 200]
[255, 0, 132, 230]
[255, 103, 0, 30]
[245, 255, 0, 2]
[83, 255, 0, 80]
[0, 255, 102, 110]
[0, 246, 255, 4]
[0, 85, 255, 160]
[77, 0, 255, 180]
[239, 0, 255, 6]
[255, 0, 109, 230]
[255, 126, 0, 30]
[222, 255, 0, 60]
[60, 255, 0, 80]
[0, 255, 125, 110]
[0, 223, 255, 4]
[0, 61, 255, 160]
[100, 0, 255, 190]
[255, 0, 248, 6]
[255, 0, 86, 240]
[255, 149, 0, 30]
[199, 255, 0, 60]
[37, 255, 0, 80]
REVPOCKETINSIDE
[29, 128, 23, 84]
[23, 128, 84, 124]
[23, 105, 128, 144]
[23, 39, 128, 164]
[74, 23, 128, 194]
[128, 23, 115, 214]
[128, 27, 23, 24]
[128, 94, 23, 44]
[95, 128, 23, 64]
[23, 128, 27, 104]
[23, 128, 93, 124]
[23, 96, 128, 144]
[23, 29, 128, 164]
[83, 23, 128, 204]
[128, 23, 106, 224]
[128, 37, 23, 24]
[128, 103, 23, 44]
[86, 128, 23, 64]
[23, 128, 36, 104]
[23, 128, 103, 124]
[23, 86, 128, 144]
[26, 23, 128, 184]
[93, 23, 128, 204]
[128, 23, 96, 224]
[128, 46, 23, 24]
[128, 113, 23, 54]
[76, 128, 23, 74]
[23, 128, 46, 104]
[23, 128, 112, 124]
[23, 77, 128, 154]
[36, 23, 128, 184]
[102, 23, 128, 204]
[128, 23, 87, 224]
[128, 56, 23, 34]
[128, 122, 23, 54]
[67, 128, 23, 74]
[23, 128, 55, 114]
[23, 128, 122, 134]
[23, 67, 128, 154]
[45, 23, 128, 184]
[112, 23, 128, 204]
[128, 23, 77, 234]
[128, 65, 23, 34]
[124, 128, 23, 54]
[57, 128, 23, 74]
[23, 128, 65, 114]
[23, 124, 128, 134]
[23, 58, 128, 154]
[55, 23, 128, 194]
[121, 23, 128, 214]
[128, 23, 68, 234]
[128, 75, 23, 34]
[114, 128, 23, 54]
[48, 128, 23, 74]
[23, 128, 74, 114]
[23, 115, 128, 134]
[23, 48, 128, 154]
[64, 23, 128, 194]
[128, 23, 124, 214]
[128, 23, 58, 234]
[128, 84, 23, 44]
[105, 128, 23, 64]
[38, 128, 23, 84]
REVPOCKETOUTSIDE
[96, 128, 23, 64]
[30, 128, 23, 84]
[23, 128, 83, 124]
[23, 106, 128, 144]
[23, 40, 128, 164]
[73, 23, 128, 194]
[128, 23, 116, 214]
[128, 26, 23, 24]
[128, 92, 23, 44]
[87, 128, 23, 64]
[23, 128, 26, 104]
[23, 128, 92, 124]
[23, 97, 128, 144]
[23, 30, 128, 164]
[82, 23, 128, 204]
[128, 23, 107, 224]
[128, 36, 23, 24]
[128, 102, 23, 44]
[77, 128, 23, 74]
[23, 128, 35, 104]
[23, 128, 102, 124]
[23, 87, 128, 144]
[25, 23, 128, 184]
[92, 23, 128, 204]
[128, 23, 97, 224]
[128, 45, 23, 24]
[128, 111, 23, 44]
[68, 128, 23, 74]
[23, 128, 45, 104]
[23, 128, 111, 124]
[23, 78, 128, 154]
[35, 23, 128, 184]
[101, 23, 128, 204]
[128, 23, 88, 224]
[128, 55, 23, 34]
[128, 121, 23, 54]
[58, 128, 23, 74]
[23, 128, 54, 114]
[23, 128, 120, 134]
[23, 68, 128, 154]
[44, 23, 128, 184]
[111, 23, 128, 204]
[128, 23, 78, 234]
[128, 64, 23, 34]
[125, 128, 23, 54]
[49, 128, 23, 74]
[23, 128, 64, 114]
[23, 125, 128, 134]
[23, 59, 128, 154]
[54, 23, 128, 194]
[120, 23, 128, 214]
[128, 23, 69, 234]
[128, 74, 23, 34]
[115, 128, 23, 54]
[39, 128, 23, 84]
[23, 128, 73, 114]
[23, 116, 128, 134]
[23, 49, 128, 154]
[63, 23, 128, 194]
[128, 23, 126, 214]
[128, 23, 59, 234]
[128, 83, 23, 44]
[106, 128, 23, 64]
REVCUTOUTSIDE
[128, 24, 23, 24]
[128, 90, 23, 44]
[98, 128, 23, 64]
[32, 128, 23, 84]
[23, 128, 80, 114]
[23, 108, 128, 144]
[23, 42, 128, 164]
[70, 23, 128, 194]
[128, 23, 118, 214]
[128, 33, 23, 24]
[128, 100, 23, 44]
[89, 128, 23, 64]
[23, 128, 24, 104]
[23, 128, 90, 124]
[23, 99, 128, 144]
[23, 32, 128, 164]
[80, 23, 128, 194]
[128, 23, 109, 224]
[128, 43, 23, 24]
[128, 109, 23, 44]
[79, 128, 23, 74]
[23, 128, 33, 104]
[23, 128, 99, 124]
[23, 89, 128, 144]
[23, 23, 128, 164]
[89, 23, 128, 204]
[128, 23, 99, 224]
[128, 52, 23, 34]
[128, 119, 23, 54]
[70, 128, 23, 74]
[23, 128, 42, 104]
[23, 128, 109, 124]
[23, 80, 128, 144]
[33, 23, 128, 184]
[99, 23, 128, 204]
[128, 23, 90, 224]
[128, 62, 23, 34]
[127, 128, 23, 54]
[60, 128, 23, 74]
[23, 128, 52, 114]
[23, 128, 118, 134]
[23, 70, 128, 154]
[42, 23, 128, 184]
[108, 23, 128, 204]
[128, 23, 80, 224]
[128, 71, 23, 34]
[117, 128, 23, 54]
[51, 128, 23, 74]
[23, 128, 61, 114]
[23, 127, 128, 134]
[23, 61, 128, 154]
[52, 23, 128, 194]
[118, 23, 128, 214]
[128, 23, 71, 234]
[128, 81, 23, 44]
[108, 128, 23, 64]
[41, 128, 23, 84]
[23, 128, 71, 114]
[23, 118, 128, 134]
[23, 51, 128, 154]
[61, 23, 128, 194]
[127, 23, 128, 214]
[128, 23, 61, 234]
